<<<<<<< HEAD
(kicad_pcb (version 20171130) (host pcbnew 5.1.4-e60b266~84~ubuntu18.04.1)
=======
(kicad_pcb (version 20171130) (host pcbnew 5.0.2-bee76a0~70~ubuntu16.04.1)
>>>>>>> 1c79c3945852248547489f5de0a38be3184aafd3

  (general
    (thickness 1.6)
    (drawings 11)
    (tracks 0)
    (zones 0)
    (modules 196)
    (nets 201)
  )

  (page User 254 508)
  (layers
    (0 F.Cu signal)
    (31 B.Cu signal)
    (32 B.Adhes user)
    (33 F.Adhes user)
    (34 B.Paste user)
    (35 F.Paste user)
    (36 B.SilkS user)
    (37 F.SilkS user)
    (38 B.Mask user)
    (39 F.Mask user)
    (40 Dwgs.User user)
    (41 Cmts.User user)
    (42 Eco1.User user)
    (43 Eco2.User user)
    (44 Edge.Cuts user)
    (45 Margin user)
    (46 B.CrtYd user)
    (47 F.CrtYd user)
    (48 B.Fab user)
    (49 F.Fab user)
  )

  (setup
    (last_trace_width 0.25)
    (trace_clearance 0.2)
    (zone_clearance 0.508)
    (zone_45_only no)
    (trace_min 0.2)
<<<<<<< HEAD
=======
    (segment_width 0.2)
    (edge_width 0.1)
>>>>>>> 1c79c3945852248547489f5de0a38be3184aafd3
    (via_size 0.8)
    (via_drill 0.4)
    (via_min_size 0.4)
    (via_min_drill 0.3)
    (uvia_size 0.3)
    (uvia_drill 0.1)
    (uvias_allowed no)
    (uvia_min_size 0.2)
    (uvia_min_drill 0.1)
<<<<<<< HEAD
    (edge_width 0.1)
    (segment_width 0.2)
=======
>>>>>>> 1c79c3945852248547489f5de0a38be3184aafd3
    (pcb_text_width 0.3)
    (pcb_text_size 1.5 1.5)
    (mod_edge_width 0.15)
    (mod_text_size 1 1)
    (mod_text_width 0.15)
    (pad_size 1.524 1.524)
    (pad_drill 0.762)
    (pad_to_mask_clearance 0)
<<<<<<< HEAD
=======
    (solder_mask_min_width 0.25)
>>>>>>> 1c79c3945852248547489f5de0a38be3184aafd3
    (aux_axis_origin 0 0)
    (visible_elements FFFFF77F)
    (pcbplotparams
      (layerselection 0x010fc_ffffffff)
      (usegerberextensions false)
      (usegerberattributes false)
      (usegerberadvancedattributes false)
      (creategerberjobfile false)
      (excludeedgelayer true)
      (linewidth 0.100000)
      (plotframeref false)
      (viasonmask false)
      (mode 1)
      (useauxorigin false)
      (hpglpennumber 1)
      (hpglpenspeed 20)
      (hpglpendiameter 15.000000)
      (psnegative false)
      (psa4output false)
      (plotreference true)
      (plotvalue true)
      (plotinvisibletext false)
      (padsonsilk false)
      (subtractmaskfromsilk false)
      (outputformat 1)
      (mirror false)
      (drillshape 1)
      (scaleselection 1)
      (outputdirectory ""))
  )

  (net 0 "")
  (net 1 "Net-(C1-Pad2)")
  (net 2 "Net-(C1-Pad1)")
  (net 3 "Net-(C2-Pad1)")
  (net 4 "Net-(C2-Pad2)")
  (net 5 "Net-(C3-Pad2)")
  (net 6 "Net-(C4-Pad2)")
  (net 7 "Net-(C5-Pad2)")
  (net 8 "Net-(C24-Pad1)")
  (net 9 "Net-(C7-Pad2)")
  (net 10 "Net-(C8-Pad2)")
  (net 11 "Net-(C10-Pad1)")
  (net 12 "Net-(C10-Pad2)")
  (net 13 "Net-(C11-Pad1)")
  (net 14 GND)
  (net 15 "Net-(C12-Pad1)")
  (net 16 "Net-(C13-Pad1)")
  (net 17 /VREG)
  (net 18 "Net-(C15-Pad1)")
  (net 19 "Net-(C16-Pad1)")
  (net 20 "Net-(C17-Pad1)")
  (net 21 "Net-(C18-Pad1)")
  (net 22 "Net-(C19-Pad1)")
  (net 23 /TEMP_SENSE)
  (net 24 "Net-(C24-Pad2)")
  (net 25 "Net-(C25-Pad2)")
  (net 26 "Net-(C26-Pad2)")
  (net 27 "Net-(C27-Pad2)")
  (net 28 "Net-(C28-Pad2)")
  (net 29 "Net-(C29-Pad2)")
  (net 30 "Net-(C30-Pad1)")
  (net 31 "Net-(C32-Pad1)")
  (net 32 "Net-(C34-Pad1)")
  (net 33 "Net-(C35-Pad1)")
  (net 34 "Net-(C36-Pad1)")
  (net 35 "Net-(C37-Pad1)")
  (net 36 "Net-(C38-Pad1)")
  (net 37 "Net-(D1-Pad1)")
  (net 38 "Net-(D1-Pad2)")
  (net 39 "Net-(D2-Pad2)")
  (net 40 "Net-(D2-Pad1)")
  (net 41 "Net-(D3-Pad1)")
  (net 42 "Net-(D3-Pad2)")
  (net 43 "Net-(D4-Pad2)")
  (net 44 "Net-(D4-Pad1)")
  (net 45 "Net-(D5-Pad1)")
  (net 46 "Net-(D5-Pad2)")
  (net 47 "Net-(D6-Pad2)")
  (net 48 "Net-(D6-Pad1)")
  (net 49 "Net-(D7-Pad2)")
  (net 50 "Net-(D7-Pad1)")
  (net 51 "Net-(D8-Pad1)")
  (net 52 "Net-(D8-Pad2)")
  (net 53 "Net-(D9-Pad1)")
  (net 54 "Net-(D9-Pad2)")
  (net 55 "Net-(D10-Pad1)")
  (net 56 "Net-(D10-Pad2)")
  (net 57 "Net-(D11-Pad2)")
  (net 58 "Net-(D11-Pad1)")
  (net 59 "Net-(D12-Pad2)")
  (net 60 "Net-(D12-Pad1)")
  (net 61 "Net-(D13-Pad1)")
  (net 62 "Net-(D13-Pad2)")
  (net 63 "Net-(D14-Pad2)")
  (net 64 "Net-(D14-Pad1)")
  (net 65 "Net-(D15-Pad1)")
  (net 66 "Net-(D15-Pad2)")
  (net 67 "Net-(D16-Pad2)")
  (net 68 "Net-(D16-Pad1)")
  (net 69 "Net-(J1-Pad2)")
  (net 70 "Net-(J1-Pad1)")
  (net 71 /C5_T3)
  (net 72 /C7-)
  (net 73 /C9-)
  (net 74 /C9_T1)
  (net 75 /C9_T2)
  (net 76 /C11-)
  (net 77 /C13_T1)
  (net 78 /C13_T3)
  (net 79 /C9_T3)
  (net 80 /C15-)
  (net 81 /C13_T2)
  (net 82 /C13-)
  (net 83 /C1-)
  (net 84 /C1_T2)
  (net 85 /C3-)
  (net 86 /C5_T1)
  (net 87 /C1_T1)
  (net 88 /C5_T2)
  (net 89 /C5-)
  (net 90 /C1_T3)
  (net 91 /C16+)
  (net 92 /C15_T2)
  (net 93 /V+)
  (net 94 /C11_T3)
  (net 95 /C15_T3)
  (net 96 /C15_T1)
  (net 97 /C14+)
  (net 98 /C11_T2)
  (net 99 /C11_T1)
  (net 100 /C12+)
  (net 101 /C10+)
  (net 102 /C7_T3)
  (net 103 /C3_T3)
  (net 104 /C8+)
  (net 105 /C7_T2)
  (net 106 /C3_T1)
  (net 107 /C7_T1)
  (net 108 /C6+)
  (net 109 /C3_T2)
  (net 110 /C4+)
  (net 111 /C2+)
  (net 112 "Net-(J8-Pad1)")
  (net 113 "Net-(J8-Pad2)")
  (net 114 "Net-(Q1-Pad1)")
  (net 115 "Net-(Q2-Pad1)")
  (net 116 "Net-(Q3-Pad1)")
  (net 117 "Net-(Q4-Pad1)")
  (net 118 "Net-(Q5-Pad1)")
  (net 119 "Net-(Q6-Pad1)")
  (net 120 "Net-(Q7-Pad1)")
  (net 121 "Net-(Q8-Pad1)")
  (net 122 "Net-(Q9-Pad1)")
  (net 123 "Net-(Q10-Pad1)")
  (net 124 "Net-(Q11-Pad1)")
  (net 125 "Net-(Q12-Pad1)")
  (net 126 "Net-(Q13-Pad1)")
  (net 127 "Net-(Q14-Pad1)")
  (net 128 "Net-(Q15-Pad1)")
  (net 129 "Net-(Q16-Pad1)")
  (net 130 "Net-(Q17-Pad1)")
  (net 131 "Net-(Q18-Pad1)")
  (net 132 "Net-(R12-PadEP)")
  (net 133 "Net-(R13-PadEP)")
  (net 134 "Net-(R14-PadEP)")
  (net 135 "Net-(R15-PadEP)")
  (net 136 "Net-(R17-PadEP)")
  (net 137 "Net-(R18-PadEP)")
  (net 138 "Net-(R19-PadEP)")
  (net 139 "Net-(R20-PadEP)")
  (net 140 /~DIS~9)
  (net 141 /~DIS~8)
  (net 142 /~DIS~7)
  (net 143 /~DIS~6)
  (net 144 /~DIS~4)
  (net 145 /~DIS~3)
  (net 146 /~DIS~2)
  (net 147 /~DIS~1)
  (net 148 "Net-(R43-Pad2)")
  (net 149 "Net-(R43-Pad1)")
  (net 150 /SDA)
  (net 151 /SCL)
  (net 152 /IPA1)
  (net 153 /VREF2)
  (net 154 /IMA1)
  (net 155 /IPB1)
  (net 156 /IMB1)
  (net 157 "Net-(R61-PadEP)")
  (net 158 "Net-(R62-PadEP)")
  (net 159 "Net-(R63-PadEP)")
  (net 160 "Net-(R64-PadEP)")
  (net 161 "Net-(R68-PadEP)")
  (net 162 "Net-(R72-PadEP)")
  (net 163 "Net-(R82-Pad2)")
  (net 164 "Net-(R83-PadEP)")
  (net 165 "Net-(R84-PadEP)")
  (net 166 "Net-(R103-Pad2)")
  (net 167 "Net-(R103-Pad1)")
  (net 168 /IPA2)
  (net 169 /IMA2)
  (net 170 /IPB2)
  (net 171 /IMB2)
  (net 172 "Net-(T1-Pad2)")
  (net 173 "Net-(T1-Pad7)")
  (net 174 "Net-(T2-Pad7)")
  (net 175 "Net-(T2-Pad2)")
  (net 176 "Net-(U1-Pad44)")
  (net 177 "Net-(U1-Pad43)")
  (net 178 "Net-(U1-Pad39)")
  (net 179 "Net-(U1-Pad29)")
  (net 180 "Net-(U1-Pad28)")
  (net 181 "Net-(U1-Pad17)")
  (net 182 "Net-(U1-Pad15)")
  (net 183 "Net-(U1-Pad5)")
  (net 184 "Net-(U1-Pad3)")
  (net 185 "Net-(U4-Pad3)")
  (net 186 "Net-(U8-Pad3)")
  (net 187 "Net-(U8-Pad5)")
  (net 188 "Net-(U8-Pad15)")
  (net 189 "Net-(U8-Pad17)")
  (net 190 "Net-(U8-Pad28)")
  (net 191 "Net-(U8-Pad29)")
  (net 192 "Net-(U8-Pad32)")
  (net 193 "Net-(U8-Pad33)")
  (net 194 "Net-(U8-Pad34)")
  (net 195 "Net-(U8-Pad39)")
  (net 196 "Net-(U8-Pad43)")
  (net 197 "Net-(U8-Pad44)")
  (net 198 /C0)
  (net 199 "Net-(T1-Pad6)")
  (net 200 "Net-(T1-Pad8)")

  (net_class Default "This is the default net class."
    (clearance 0.2)
    (trace_width 0.25)
    (via_dia 0.8)
    (via_drill 0.4)
    (uvia_dia 0.3)
    (uvia_drill 0.1)
    (add_net /C0)
    (add_net /C1-)
    (add_net /C10+)
    (add_net /C11-)
    (add_net /C11_T1)
    (add_net /C11_T2)
    (add_net /C11_T3)
    (add_net /C12+)
    (add_net /C13-)
    (add_net /C13_T1)
    (add_net /C13_T2)
    (add_net /C13_T3)
    (add_net /C14+)
    (add_net /C15-)
    (add_net /C15_T1)
    (add_net /C15_T2)
    (add_net /C15_T3)
    (add_net /C16+)
    (add_net /C1_T1)
    (add_net /C1_T2)
    (add_net /C1_T3)
    (add_net /C2+)
    (add_net /C3-)
    (add_net /C3_T1)
    (add_net /C3_T2)
    (add_net /C3_T3)
    (add_net /C4+)
    (add_net /C5-)
    (add_net /C5_T1)
    (add_net /C5_T2)
    (add_net /C5_T3)
    (add_net /C6+)
    (add_net /C7-)
    (add_net /C7_T1)
    (add_net /C7_T2)
    (add_net /C7_T3)
    (add_net /C8+)
    (add_net /C9-)
    (add_net /C9_T1)
    (add_net /C9_T2)
    (add_net /C9_T3)
    (add_net /IMA1)
    (add_net /IMA2)
    (add_net /IMB1)
    (add_net /IMB2)
    (add_net /IPA1)
    (add_net /IPA2)
    (add_net /IPB1)
    (add_net /IPB2)
    (add_net /SCL)
    (add_net /SDA)
    (add_net /TEMP_SENSE)
    (add_net /V+)
    (add_net /VREF2)
    (add_net /VREG)
    (add_net /~DIS~1)
    (add_net /~DIS~2)
    (add_net /~DIS~3)
    (add_net /~DIS~4)
    (add_net /~DIS~6)
    (add_net /~DIS~7)
    (add_net /~DIS~8)
    (add_net /~DIS~9)
    (add_net GND)
    (add_net "Net-(C1-Pad1)")
    (add_net "Net-(C1-Pad2)")
    (add_net "Net-(C10-Pad1)")
    (add_net "Net-(C10-Pad2)")
    (add_net "Net-(C11-Pad1)")
    (add_net "Net-(C12-Pad1)")
    (add_net "Net-(C13-Pad1)")
    (add_net "Net-(C15-Pad1)")
    (add_net "Net-(C16-Pad1)")
    (add_net "Net-(C17-Pad1)")
    (add_net "Net-(C18-Pad1)")
    (add_net "Net-(C19-Pad1)")
    (add_net "Net-(C2-Pad1)")
    (add_net "Net-(C2-Pad2)")
    (add_net "Net-(C24-Pad1)")
    (add_net "Net-(C24-Pad2)")
    (add_net "Net-(C25-Pad2)")
    (add_net "Net-(C26-Pad2)")
    (add_net "Net-(C27-Pad2)")
    (add_net "Net-(C28-Pad2)")
    (add_net "Net-(C29-Pad2)")
    (add_net "Net-(C3-Pad2)")
    (add_net "Net-(C30-Pad1)")
    (add_net "Net-(C32-Pad1)")
    (add_net "Net-(C34-Pad1)")
    (add_net "Net-(C35-Pad1)")
    (add_net "Net-(C36-Pad1)")
    (add_net "Net-(C37-Pad1)")
    (add_net "Net-(C38-Pad1)")
    (add_net "Net-(C4-Pad2)")
    (add_net "Net-(C5-Pad2)")
    (add_net "Net-(C7-Pad2)")
    (add_net "Net-(C8-Pad2)")
    (add_net "Net-(D1-Pad1)")
    (add_net "Net-(D1-Pad2)")
    (add_net "Net-(D10-Pad1)")
    (add_net "Net-(D10-Pad2)")
    (add_net "Net-(D11-Pad1)")
    (add_net "Net-(D11-Pad2)")
    (add_net "Net-(D12-Pad1)")
    (add_net "Net-(D12-Pad2)")
    (add_net "Net-(D13-Pad1)")
    (add_net "Net-(D13-Pad2)")
    (add_net "Net-(D14-Pad1)")
    (add_net "Net-(D14-Pad2)")
    (add_net "Net-(D15-Pad1)")
    (add_net "Net-(D15-Pad2)")
    (add_net "Net-(D16-Pad1)")
    (add_net "Net-(D16-Pad2)")
    (add_net "Net-(D2-Pad1)")
    (add_net "Net-(D2-Pad2)")
    (add_net "Net-(D3-Pad1)")
    (add_net "Net-(D3-Pad2)")
    (add_net "Net-(D4-Pad1)")
    (add_net "Net-(D4-Pad2)")
    (add_net "Net-(D5-Pad1)")
    (add_net "Net-(D5-Pad2)")
    (add_net "Net-(D6-Pad1)")
    (add_net "Net-(D6-Pad2)")
    (add_net "Net-(D7-Pad1)")
    (add_net "Net-(D7-Pad2)")
    (add_net "Net-(D8-Pad1)")
    (add_net "Net-(D8-Pad2)")
    (add_net "Net-(D9-Pad1)")
    (add_net "Net-(D9-Pad2)")
    (add_net "Net-(J1-Pad1)")
    (add_net "Net-(J1-Pad2)")
    (add_net "Net-(J8-Pad1)")
    (add_net "Net-(J8-Pad2)")
    (add_net "Net-(Q1-Pad1)")
    (add_net "Net-(Q10-Pad1)")
    (add_net "Net-(Q11-Pad1)")
    (add_net "Net-(Q12-Pad1)")
    (add_net "Net-(Q13-Pad1)")
    (add_net "Net-(Q14-Pad1)")
    (add_net "Net-(Q15-Pad1)")
    (add_net "Net-(Q16-Pad1)")
    (add_net "Net-(Q17-Pad1)")
    (add_net "Net-(Q18-Pad1)")
    (add_net "Net-(Q2-Pad1)")
    (add_net "Net-(Q3-Pad1)")
    (add_net "Net-(Q4-Pad1)")
    (add_net "Net-(Q5-Pad1)")
    (add_net "Net-(Q6-Pad1)")
    (add_net "Net-(Q7-Pad1)")
    (add_net "Net-(Q8-Pad1)")
    (add_net "Net-(Q9-Pad1)")
    (add_net "Net-(R103-Pad1)")
    (add_net "Net-(R103-Pad2)")
    (add_net "Net-(R12-PadEP)")
    (add_net "Net-(R13-PadEP)")
    (add_net "Net-(R14-PadEP)")
    (add_net "Net-(R15-PadEP)")
    (add_net "Net-(R17-PadEP)")
    (add_net "Net-(R18-PadEP)")
    (add_net "Net-(R19-PadEP)")
    (add_net "Net-(R20-PadEP)")
    (add_net "Net-(R43-Pad1)")
    (add_net "Net-(R43-Pad2)")
    (add_net "Net-(R61-PadEP)")
    (add_net "Net-(R62-PadEP)")
    (add_net "Net-(R63-PadEP)")
    (add_net "Net-(R64-PadEP)")
    (add_net "Net-(R68-PadEP)")
    (add_net "Net-(R72-PadEP)")
    (add_net "Net-(R82-Pad2)")
    (add_net "Net-(R83-PadEP)")
    (add_net "Net-(R84-PadEP)")
    (add_net "Net-(T1-Pad2)")
    (add_net "Net-(T1-Pad6)")
    (add_net "Net-(T1-Pad7)")
    (add_net "Net-(T1-Pad8)")
    (add_net "Net-(T2-Pad2)")
    (add_net "Net-(T2-Pad7)")
    (add_net "Net-(U1-Pad15)")
    (add_net "Net-(U1-Pad17)")
    (add_net "Net-(U1-Pad28)")
    (add_net "Net-(U1-Pad29)")
    (add_net "Net-(U1-Pad3)")
    (add_net "Net-(U1-Pad39)")
    (add_net "Net-(U1-Pad43)")
    (add_net "Net-(U1-Pad44)")
    (add_net "Net-(U1-Pad5)")
    (add_net "Net-(U4-Pad3)")
    (add_net "Net-(U8-Pad15)")
    (add_net "Net-(U8-Pad17)")
    (add_net "Net-(U8-Pad28)")
    (add_net "Net-(U8-Pad29)")
    (add_net "Net-(U8-Pad3)")
    (add_net "Net-(U8-Pad32)")
    (add_net "Net-(U8-Pad33)")
    (add_net "Net-(U8-Pad34)")
    (add_net "Net-(U8-Pad39)")
    (add_net "Net-(U8-Pad43)")
    (add_net "Net-(U8-Pad44)")
    (add_net "Net-(U8-Pad5)")
  )

  (module footprints:C_0805_OEM (layer F.Cu) (tedit 5C3D8347) (tstamp 5DAAE8F3)
<<<<<<< HEAD
    (at 353 309 270)
=======
    (at 106.0544 81.4324)
>>>>>>> 1c79c3945852248547489f5de0a38be3184aafd3
    (descr "Capacitor SMD 0805, reflow soldering, AVX (see smccp.pdf)")
    (tags "capacitor 0805")
    (path /5DF2168A)
    (attr smd)
<<<<<<< HEAD
    (fp_text reference C1 (at 0 -1.5 90) (layer F.SilkS)
      (effects (font (size 1 1) (thickness 0.15)))
    )
    (fp_text value C_10nF (at 0 1.75 90) (layer F.Fab) hide
=======
    (fp_text reference C1 (at -0.1364 -1.7272 -180) (layer F.SilkS)
      (effects (font (size 1 1) (thickness 0.15)))
    )
    (fp_text value C_10nF (at 0 1.75 -180) (layer F.Fab) hide
>>>>>>> 1c79c3945852248547489f5de0a38be3184aafd3
      (effects (font (size 1 1) (thickness 0.15)))
    )
    (fp_line (start 1.75 0.87) (end -1.75 0.87) (layer F.CrtYd) (width 0.05))
    (fp_line (start 1.75 0.87) (end 1.75 -0.88) (layer F.CrtYd) (width 0.05))
    (fp_line (start -1.75 -0.88) (end -1.75 0.87) (layer F.CrtYd) (width 0.05))
    (fp_line (start -1.75 -0.88) (end 1.75 -0.88) (layer F.CrtYd) (width 0.05))
    (fp_line (start -0.5 0.85) (end 0.5 0.85) (layer F.SilkS) (width 0.12))
    (fp_line (start 0.5 -0.85) (end -0.5 -0.85) (layer F.SilkS) (width 0.12))
    (fp_line (start -1 -0.62) (end 1 -0.62) (layer F.Fab) (width 0.1))
    (fp_line (start 1 -0.62) (end 1 0.62) (layer F.Fab) (width 0.1))
    (fp_line (start 1 0.62) (end -1 0.62) (layer F.Fab) (width 0.1))
    (fp_line (start -1 0.62) (end -1 -0.62) (layer F.Fab) (width 0.1))
<<<<<<< HEAD
    (pad 2 smd rect (at 1 0 270) (size 1 1.25) (layers F.Cu F.Paste F.Mask)
      (net 1 "Net-(C1-Pad2)"))
    (pad 1 smd rect (at -1 0 270) (size 1 1.25) (layers F.Cu F.Paste F.Mask)
=======
    (pad 2 smd rect (at 1 0) (size 1 1.25) (layers F.Cu F.Paste F.Mask)
      (net 1 "Net-(C1-Pad2)"))
    (pad 1 smd rect (at -1 0) (size 1 1.25) (layers F.Cu F.Paste F.Mask)
>>>>>>> 1c79c3945852248547489f5de0a38be3184aafd3
      (net 2 "Net-(C1-Pad1)"))
    (model ${LOCAL_DIR}/OEM_Preferred_Parts/3DModels/C_0805_OEM/C_0805.step
      (at (xyz 0 0 0))
      (scale (xyz 1 1 1))
      (rotate (xyz 0 0 0))
    )
    (model ${LOCAL_DIR}/OEM_Preferred_Parts/3DModels/C_0805_OEM/C_0805.step
      (at (xyz 0 0 0))
      (scale (xyz 1 1 1))
      (rotate (xyz 0 0 0))
    )
  )

  (module footprints:C_0805_OEM (layer F.Cu) (tedit 5C3D8347) (tstamp 5DAAE903)
<<<<<<< HEAD
    (at 316.5 264 270)
=======
    (at 125.8316 143.8656 270)
>>>>>>> 1c79c3945852248547489f5de0a38be3184aafd3
    (descr "Capacitor SMD 0805, reflow soldering, AVX (see smccp.pdf)")
    (tags "capacitor 0805")
    (path /5CA14139)
    (attr smd)
    (fp_text reference C2 (at 0 -1.5 90) (layer F.SilkS)
      (effects (font (size 1 1) (thickness 0.15)))
    )
    (fp_text value C_10nF (at 0 1.75 90) (layer F.Fab) hide
      (effects (font (size 1 1) (thickness 0.15)))
    )
    (fp_line (start -1 0.62) (end -1 -0.62) (layer F.Fab) (width 0.1))
    (fp_line (start 1 0.62) (end -1 0.62) (layer F.Fab) (width 0.1))
    (fp_line (start 1 -0.62) (end 1 0.62) (layer F.Fab) (width 0.1))
    (fp_line (start -1 -0.62) (end 1 -0.62) (layer F.Fab) (width 0.1))
    (fp_line (start 0.5 -0.85) (end -0.5 -0.85) (layer F.SilkS) (width 0.12))
    (fp_line (start -0.5 0.85) (end 0.5 0.85) (layer F.SilkS) (width 0.12))
    (fp_line (start -1.75 -0.88) (end 1.75 -0.88) (layer F.CrtYd) (width 0.05))
    (fp_line (start -1.75 -0.88) (end -1.75 0.87) (layer F.CrtYd) (width 0.05))
    (fp_line (start 1.75 0.87) (end 1.75 -0.88) (layer F.CrtYd) (width 0.05))
    (fp_line (start 1.75 0.87) (end -1.75 0.87) (layer F.CrtYd) (width 0.05))
    (pad 1 smd rect (at -1 0 270) (size 1 1.25) (layers F.Cu F.Paste F.Mask)
      (net 3 "Net-(C2-Pad1)"))
    (pad 2 smd rect (at 1 0 270) (size 1 1.25) (layers F.Cu F.Paste F.Mask)
      (net 4 "Net-(C2-Pad2)"))
    (model ${LOCAL_DIR}/OEM_Preferred_Parts/3DModels/C_0805_OEM/C_0805.step
      (at (xyz 0 0 0))
      (scale (xyz 1 1 1))
      (rotate (xyz 0 0 0))
    )
    (model ${LOCAL_DIR}/OEM_Preferred_Parts/3DModels/C_0805_OEM/C_0805.step
      (at (xyz 0 0 0))
      (scale (xyz 1 1 1))
      (rotate (xyz 0 0 0))
    )
  )

  (module footprints:C_0805_OEM (layer F.Cu) (tedit 5C3D8347) (tstamp 5DAAE913)
<<<<<<< HEAD
    (at 316.5 270.357142 270)
=======
    (at 155.5496 169.0276 270)
>>>>>>> 1c79c3945852248547489f5de0a38be3184aafd3
    (descr "Capacitor SMD 0805, reflow soldering, AVX (see smccp.pdf)")
    (tags "capacitor 0805")
    (path /5CA1437F)
    (attr smd)
    (fp_text reference C3 (at 0 -1.5 90) (layer F.SilkS)
      (effects (font (size 1 1) (thickness 0.15)))
    )
    (fp_text value C_10nF (at 0 1.75 90) (layer F.Fab) hide
      (effects (font (size 1 1) (thickness 0.15)))
    )
    (fp_line (start -1 0.62) (end -1 -0.62) (layer F.Fab) (width 0.1))
    (fp_line (start 1 0.62) (end -1 0.62) (layer F.Fab) (width 0.1))
    (fp_line (start 1 -0.62) (end 1 0.62) (layer F.Fab) (width 0.1))
    (fp_line (start -1 -0.62) (end 1 -0.62) (layer F.Fab) (width 0.1))
    (fp_line (start 0.5 -0.85) (end -0.5 -0.85) (layer F.SilkS) (width 0.12))
    (fp_line (start -0.5 0.85) (end 0.5 0.85) (layer F.SilkS) (width 0.12))
    (fp_line (start -1.75 -0.88) (end 1.75 -0.88) (layer F.CrtYd) (width 0.05))
    (fp_line (start -1.75 -0.88) (end -1.75 0.87) (layer F.CrtYd) (width 0.05))
    (fp_line (start 1.75 0.87) (end 1.75 -0.88) (layer F.CrtYd) (width 0.05))
    (fp_line (start 1.75 0.87) (end -1.75 0.87) (layer F.CrtYd) (width 0.05))
    (pad 1 smd rect (at -1 0 270) (size 1 1.25) (layers F.Cu F.Paste F.Mask)
      (net 4 "Net-(C2-Pad2)"))
    (pad 2 smd rect (at 1 0 270) (size 1 1.25) (layers F.Cu F.Paste F.Mask)
      (net 5 "Net-(C3-Pad2)"))
    (model ${LOCAL_DIR}/OEM_Preferred_Parts/3DModels/C_0805_OEM/C_0805.step
      (at (xyz 0 0 0))
      (scale (xyz 1 1 1))
      (rotate (xyz 0 0 0))
    )
    (model ${LOCAL_DIR}/OEM_Preferred_Parts/3DModels/C_0805_OEM/C_0805.step
      (at (xyz 0 0 0))
      (scale (xyz 1 1 1))
      (rotate (xyz 0 0 0))
    )
  )

  (module footprints:C_0805_OEM (layer F.Cu) (tedit 5C3D8347) (tstamp 5DAAE923)
<<<<<<< HEAD
    (at 316.5 276.714284 270)
=======
    (at 155.1432 143.018 270)
>>>>>>> 1c79c3945852248547489f5de0a38be3184aafd3
    (descr "Capacitor SMD 0805, reflow soldering, AVX (see smccp.pdf)")
    (tags "capacitor 0805")
    (path /5CA1453F)
    (attr smd)
    (fp_text reference C4 (at 0 -1.5 90) (layer F.SilkS)
      (effects (font (size 1 1) (thickness 0.15)))
    )
    (fp_text value C_10nF (at 0 1.75 90) (layer F.Fab) hide
      (effects (font (size 1 1) (thickness 0.15)))
    )
    (fp_line (start 1.75 0.87) (end -1.75 0.87) (layer F.CrtYd) (width 0.05))
    (fp_line (start 1.75 0.87) (end 1.75 -0.88) (layer F.CrtYd) (width 0.05))
    (fp_line (start -1.75 -0.88) (end -1.75 0.87) (layer F.CrtYd) (width 0.05))
    (fp_line (start -1.75 -0.88) (end 1.75 -0.88) (layer F.CrtYd) (width 0.05))
    (fp_line (start -0.5 0.85) (end 0.5 0.85) (layer F.SilkS) (width 0.12))
    (fp_line (start 0.5 -0.85) (end -0.5 -0.85) (layer F.SilkS) (width 0.12))
    (fp_line (start -1 -0.62) (end 1 -0.62) (layer F.Fab) (width 0.1))
    (fp_line (start 1 -0.62) (end 1 0.62) (layer F.Fab) (width 0.1))
    (fp_line (start 1 0.62) (end -1 0.62) (layer F.Fab) (width 0.1))
    (fp_line (start -1 0.62) (end -1 -0.62) (layer F.Fab) (width 0.1))
    (pad 2 smd rect (at 1 0 270) (size 1 1.25) (layers F.Cu F.Paste F.Mask)
      (net 6 "Net-(C4-Pad2)"))
    (pad 1 smd rect (at -1 0 270) (size 1 1.25) (layers F.Cu F.Paste F.Mask)
      (net 5 "Net-(C3-Pad2)"))
    (model ${LOCAL_DIR}/OEM_Preferred_Parts/3DModels/C_0805_OEM/C_0805.step
      (at (xyz 0 0 0))
      (scale (xyz 1 1 1))
      (rotate (xyz 0 0 0))
    )
    (model ${LOCAL_DIR}/OEM_Preferred_Parts/3DModels/C_0805_OEM/C_0805.step
      (at (xyz 0 0 0))
      (scale (xyz 1 1 1))
      (rotate (xyz 0 0 0))
    )
  )

  (module footprints:C_0805_OEM (layer F.Cu) (tedit 5C3D8347) (tstamp 5DAAE933)
<<<<<<< HEAD
    (at 316.5 283.071426 270)
=======
    (at 141.0208 195.58 270)
>>>>>>> 1c79c3945852248547489f5de0a38be3184aafd3
    (descr "Capacitor SMD 0805, reflow soldering, AVX (see smccp.pdf)")
    (tags "capacitor 0805")
    (path /5CA1470F)
    (attr smd)
    (fp_text reference C5 (at 0 -1.5 90) (layer F.SilkS)
      (effects (font (size 1 1) (thickness 0.15)))
    )
    (fp_text value C_10nF (at 0 1.75 90) (layer F.Fab) hide
      (effects (font (size 1 1) (thickness 0.15)))
    )
    (fp_line (start 1.75 0.87) (end -1.75 0.87) (layer F.CrtYd) (width 0.05))
    (fp_line (start 1.75 0.87) (end 1.75 -0.88) (layer F.CrtYd) (width 0.05))
    (fp_line (start -1.75 -0.88) (end -1.75 0.87) (layer F.CrtYd) (width 0.05))
    (fp_line (start -1.75 -0.88) (end 1.75 -0.88) (layer F.CrtYd) (width 0.05))
    (fp_line (start -0.5 0.85) (end 0.5 0.85) (layer F.SilkS) (width 0.12))
    (fp_line (start 0.5 -0.85) (end -0.5 -0.85) (layer F.SilkS) (width 0.12))
    (fp_line (start -1 -0.62) (end 1 -0.62) (layer F.Fab) (width 0.1))
    (fp_line (start 1 -0.62) (end 1 0.62) (layer F.Fab) (width 0.1))
    (fp_line (start 1 0.62) (end -1 0.62) (layer F.Fab) (width 0.1))
    (fp_line (start -1 0.62) (end -1 -0.62) (layer F.Fab) (width 0.1))
    (pad 2 smd rect (at 1 0 270) (size 1 1.25) (layers F.Cu F.Paste F.Mask)
      (net 7 "Net-(C5-Pad2)"))
    (pad 1 smd rect (at -1 0 270) (size 1 1.25) (layers F.Cu F.Paste F.Mask)
      (net 6 "Net-(C4-Pad2)"))
    (model ${LOCAL_DIR}/OEM_Preferred_Parts/3DModels/C_0805_OEM/C_0805.step
      (at (xyz 0 0 0))
      (scale (xyz 1 1 1))
      (rotate (xyz 0 0 0))
    )
    (model ${LOCAL_DIR}/OEM_Preferred_Parts/3DModels/C_0805_OEM/C_0805.step
      (at (xyz 0 0 0))
      (scale (xyz 1 1 1))
      (rotate (xyz 0 0 0))
    )
  )

  (module footprints:C_0805_OEM (layer F.Cu) (tedit 5C3D8347) (tstamp 5DAAE943)
<<<<<<< HEAD
    (at 353 315.5 270)
=======
    (at 107.2388 70.358)
>>>>>>> 1c79c3945852248547489f5de0a38be3184aafd3
    (descr "Capacitor SMD 0805, reflow soldering, AVX (see smccp.pdf)")
    (tags "capacitor 0805")
    (path /5DF21693)
    (attr smd)
<<<<<<< HEAD
    (fp_text reference C6 (at 0 -1.5 90) (layer F.SilkS)
      (effects (font (size 1 1) (thickness 0.15)))
    )
    (fp_text value C_10nF (at 0 1.75 90) (layer F.Fab) hide
=======
    (fp_text reference C6 (at 0 -1.5 -180) (layer F.SilkS)
      (effects (font (size 1 1) (thickness 0.15)))
    )
    (fp_text value C_10nF (at 0 1.75 -180) (layer F.Fab) hide
>>>>>>> 1c79c3945852248547489f5de0a38be3184aafd3
      (effects (font (size 1 1) (thickness 0.15)))
    )
    (fp_line (start -1 0.62) (end -1 -0.62) (layer F.Fab) (width 0.1))
    (fp_line (start 1 0.62) (end -1 0.62) (layer F.Fab) (width 0.1))
    (fp_line (start 1 -0.62) (end 1 0.62) (layer F.Fab) (width 0.1))
    (fp_line (start -1 -0.62) (end 1 -0.62) (layer F.Fab) (width 0.1))
    (fp_line (start 0.5 -0.85) (end -0.5 -0.85) (layer F.SilkS) (width 0.12))
    (fp_line (start -0.5 0.85) (end 0.5 0.85) (layer F.SilkS) (width 0.12))
    (fp_line (start -1.75 -0.88) (end 1.75 -0.88) (layer F.CrtYd) (width 0.05))
    (fp_line (start -1.75 -0.88) (end -1.75 0.87) (layer F.CrtYd) (width 0.05))
    (fp_line (start 1.75 0.87) (end 1.75 -0.88) (layer F.CrtYd) (width 0.05))
    (fp_line (start 1.75 0.87) (end -1.75 0.87) (layer F.CrtYd) (width 0.05))
<<<<<<< HEAD
    (pad 1 smd rect (at -1 0 270) (size 1 1.25) (layers F.Cu F.Paste F.Mask)
      (net 1 "Net-(C1-Pad2)"))
    (pad 2 smd rect (at 1 0 270) (size 1 1.25) (layers F.Cu F.Paste F.Mask)
=======
    (pad 1 smd rect (at -1 0) (size 1 1.25) (layers F.Cu F.Paste F.Mask)
      (net 1 "Net-(C1-Pad2)"))
    (pad 2 smd rect (at 1 0) (size 1 1.25) (layers F.Cu F.Paste F.Mask)
>>>>>>> 1c79c3945852248547489f5de0a38be3184aafd3
      (net 8 "Net-(C24-Pad1)"))
    (model ${LOCAL_DIR}/OEM_Preferred_Parts/3DModels/C_0805_OEM/C_0805.step
      (at (xyz 0 0 0))
      (scale (xyz 1 1 1))
      (rotate (xyz 0 0 0))
    )
    (model ${LOCAL_DIR}/OEM_Preferred_Parts/3DModels/C_0805_OEM/C_0805.step
      (at (xyz 0 0 0))
      (scale (xyz 1 1 1))
      (rotate (xyz 0 0 0))
    )
  )

  (module footprints:C_0805_OEM (layer F.Cu) (tedit 5C3D8347) (tstamp 5DAAE953)
<<<<<<< HEAD
    (at 316.5 289.428568 270)
=======
    (at 106.9688 125.73 180)
>>>>>>> 1c79c3945852248547489f5de0a38be3184aafd3
    (descr "Capacitor SMD 0805, reflow soldering, AVX (see smccp.pdf)")
    (tags "capacitor 0805")
    (path /5CA14C23)
    (attr smd)
<<<<<<< HEAD
    (fp_text reference C7 (at 0 -1.5 90) (layer F.SilkS)
      (effects (font (size 1 1) (thickness 0.15)))
    )
    (fp_text value C_10nF (at 0 1.75 90) (layer F.Fab) hide
=======
    (fp_text reference C7 (at 0 -1.5) (layer F.SilkS)
      (effects (font (size 1 1) (thickness 0.15)))
    )
    (fp_text value C_10nF (at 0 1.75) (layer F.Fab) hide
>>>>>>> 1c79c3945852248547489f5de0a38be3184aafd3
      (effects (font (size 1 1) (thickness 0.15)))
    )
    (fp_line (start -1 0.62) (end -1 -0.62) (layer F.Fab) (width 0.1))
    (fp_line (start 1 0.62) (end -1 0.62) (layer F.Fab) (width 0.1))
    (fp_line (start 1 -0.62) (end 1 0.62) (layer F.Fab) (width 0.1))
    (fp_line (start -1 -0.62) (end 1 -0.62) (layer F.Fab) (width 0.1))
    (fp_line (start 0.5 -0.85) (end -0.5 -0.85) (layer F.SilkS) (width 0.12))
    (fp_line (start -0.5 0.85) (end 0.5 0.85) (layer F.SilkS) (width 0.12))
    (fp_line (start -1.75 -0.88) (end 1.75 -0.88) (layer F.CrtYd) (width 0.05))
    (fp_line (start -1.75 -0.88) (end -1.75 0.87) (layer F.CrtYd) (width 0.05))
    (fp_line (start 1.75 0.87) (end 1.75 -0.88) (layer F.CrtYd) (width 0.05))
    (fp_line (start 1.75 0.87) (end -1.75 0.87) (layer F.CrtYd) (width 0.05))
<<<<<<< HEAD
    (pad 1 smd rect (at -1 0 270) (size 1 1.25) (layers F.Cu F.Paste F.Mask)
      (net 7 "Net-(C5-Pad2)"))
    (pad 2 smd rect (at 1 0 270) (size 1 1.25) (layers F.Cu F.Paste F.Mask)
=======
    (pad 1 smd rect (at -1 0 180) (size 1 1.25) (layers F.Cu F.Paste F.Mask)
      (net 7 "Net-(C5-Pad2)"))
    (pad 2 smd rect (at 1 0 180) (size 1 1.25) (layers F.Cu F.Paste F.Mask)
>>>>>>> 1c79c3945852248547489f5de0a38be3184aafd3
      (net 9 "Net-(C7-Pad2)"))
    (model ${LOCAL_DIR}/OEM_Preferred_Parts/3DModels/C_0805_OEM/C_0805.step
      (at (xyz 0 0 0))
      (scale (xyz 1 1 1))
      (rotate (xyz 0 0 0))
    )
    (model ${LOCAL_DIR}/OEM_Preferred_Parts/3DModels/C_0805_OEM/C_0805.step
      (at (xyz 0 0 0))
      (scale (xyz 1 1 1))
      (rotate (xyz 0 0 0))
    )
  )

  (module footprints:C_0805_OEM (layer F.Cu) (tedit 5C3D8347) (tstamp 5DAAE963)
<<<<<<< HEAD
    (at 316.5 295.78571 270)
=======
    (at 106.3084 114.808)
>>>>>>> 1c79c3945852248547489f5de0a38be3184aafd3
    (descr "Capacitor SMD 0805, reflow soldering, AVX (see smccp.pdf)")
    (tags "capacitor 0805")
    (path /5CA14F0A)
    (attr smd)
<<<<<<< HEAD
    (fp_text reference C8 (at 0 -1.5 90) (layer F.SilkS)
      (effects (font (size 1 1) (thickness 0.15)))
    )
    (fp_text value C_10nF (at 0 1.75 90) (layer F.Fab) hide
=======
    (fp_text reference C8 (at 0 -1.5 -180) (layer F.SilkS)
      (effects (font (size 1 1) (thickness 0.15)))
    )
    (fp_text value C_10nF (at 0 1.75 -180) (layer F.Fab) hide
>>>>>>> 1c79c3945852248547489f5de0a38be3184aafd3
      (effects (font (size 1 1) (thickness 0.15)))
    )
    (fp_line (start 1.75 0.87) (end -1.75 0.87) (layer F.CrtYd) (width 0.05))
    (fp_line (start 1.75 0.87) (end 1.75 -0.88) (layer F.CrtYd) (width 0.05))
    (fp_line (start -1.75 -0.88) (end -1.75 0.87) (layer F.CrtYd) (width 0.05))
    (fp_line (start -1.75 -0.88) (end 1.75 -0.88) (layer F.CrtYd) (width 0.05))
    (fp_line (start -0.5 0.85) (end 0.5 0.85) (layer F.SilkS) (width 0.12))
    (fp_line (start 0.5 -0.85) (end -0.5 -0.85) (layer F.SilkS) (width 0.12))
    (fp_line (start -1 -0.62) (end 1 -0.62) (layer F.Fab) (width 0.1))
    (fp_line (start 1 -0.62) (end 1 0.62) (layer F.Fab) (width 0.1))
    (fp_line (start 1 0.62) (end -1 0.62) (layer F.Fab) (width 0.1))
    (fp_line (start -1 0.62) (end -1 -0.62) (layer F.Fab) (width 0.1))
<<<<<<< HEAD
    (pad 2 smd rect (at 1 0 270) (size 1 1.25) (layers F.Cu F.Paste F.Mask)
      (net 10 "Net-(C8-Pad2)"))
    (pad 1 smd rect (at -1 0 270) (size 1 1.25) (layers F.Cu F.Paste F.Mask)
=======
    (pad 2 smd rect (at 1 0) (size 1 1.25) (layers F.Cu F.Paste F.Mask)
      (net 10 "Net-(C8-Pad2)"))
    (pad 1 smd rect (at -1 0) (size 1 1.25) (layers F.Cu F.Paste F.Mask)
>>>>>>> 1c79c3945852248547489f5de0a38be3184aafd3
      (net 9 "Net-(C7-Pad2)"))
    (model ${LOCAL_DIR}/OEM_Preferred_Parts/3DModels/C_0805_OEM/C_0805.step
      (at (xyz 0 0 0))
      (scale (xyz 1 1 1))
      (rotate (xyz 0 0 0))
    )
    (model ${LOCAL_DIR}/OEM_Preferred_Parts/3DModels/C_0805_OEM/C_0805.step
      (at (xyz 0 0 0))
      (scale (xyz 1 1 1))
      (rotate (xyz 0 0 0))
    )
  )

  (module footprints:C_0805_OEM (layer F.Cu) (tedit 5C3D8347) (tstamp 5DAAE973)
<<<<<<< HEAD
    (at 316.5 302.142852 270)
=======
    (at 106.934 103.6828)
>>>>>>> 1c79c3945852248547489f5de0a38be3184aafd3
    (descr "Capacitor SMD 0805, reflow soldering, AVX (see smccp.pdf)")
    (tags "capacitor 0805")
    (path /5CA15046)
    (attr smd)
<<<<<<< HEAD
    (fp_text reference C9 (at 0 -1.5 90) (layer F.SilkS)
      (effects (font (size 1 1) (thickness 0.15)))
    )
    (fp_text value C_10nF (at 0 1.75 90) (layer F.Fab) hide
=======
    (fp_text reference C9 (at 0 -1.5 -180) (layer F.SilkS)
      (effects (font (size 1 1) (thickness 0.15)))
    )
    (fp_text value C_10nF (at 0 1.75 -180) (layer F.Fab) hide
>>>>>>> 1c79c3945852248547489f5de0a38be3184aafd3
      (effects (font (size 1 1) (thickness 0.15)))
    )
    (fp_line (start 1.75 0.87) (end -1.75 0.87) (layer F.CrtYd) (width 0.05))
    (fp_line (start 1.75 0.87) (end 1.75 -0.88) (layer F.CrtYd) (width 0.05))
    (fp_line (start -1.75 -0.88) (end -1.75 0.87) (layer F.CrtYd) (width 0.05))
    (fp_line (start -1.75 -0.88) (end 1.75 -0.88) (layer F.CrtYd) (width 0.05))
    (fp_line (start -0.5 0.85) (end 0.5 0.85) (layer F.SilkS) (width 0.12))
    (fp_line (start 0.5 -0.85) (end -0.5 -0.85) (layer F.SilkS) (width 0.12))
    (fp_line (start -1 -0.62) (end 1 -0.62) (layer F.Fab) (width 0.1))
    (fp_line (start 1 -0.62) (end 1 0.62) (layer F.Fab) (width 0.1))
    (fp_line (start 1 0.62) (end -1 0.62) (layer F.Fab) (width 0.1))
    (fp_line (start -1 0.62) (end -1 -0.62) (layer F.Fab) (width 0.1))
<<<<<<< HEAD
    (pad 2 smd rect (at 1 0 270) (size 1 1.25) (layers F.Cu F.Paste F.Mask)
      (net 11 "Net-(C10-Pad1)"))
    (pad 1 smd rect (at -1 0 270) (size 1 1.25) (layers F.Cu F.Paste F.Mask)
=======
    (pad 2 smd rect (at 1 0) (size 1 1.25) (layers F.Cu F.Paste F.Mask)
      (net 11 "Net-(C10-Pad1)"))
    (pad 1 smd rect (at -1 0) (size 1 1.25) (layers F.Cu F.Paste F.Mask)
>>>>>>> 1c79c3945852248547489f5de0a38be3184aafd3
      (net 10 "Net-(C8-Pad2)"))
    (model ${LOCAL_DIR}/OEM_Preferred_Parts/3DModels/C_0805_OEM/C_0805.step
      (at (xyz 0 0 0))
      (scale (xyz 1 1 1))
      (rotate (xyz 0 0 0))
    )
    (model ${LOCAL_DIR}/OEM_Preferred_Parts/3DModels/C_0805_OEM/C_0805.step
      (at (xyz 0 0 0))
      (scale (xyz 1 1 1))
      (rotate (xyz 0 0 0))
    )
  )

  (module footprints:C_0805_OEM (layer F.Cu) (tedit 5C3D8347) (tstamp 5DAAE983)
<<<<<<< HEAD
    (at 316.5 308.5 270)
=======
    (at 107.1532 92.6084)
>>>>>>> 1c79c3945852248547489f5de0a38be3184aafd3
    (descr "Capacitor SMD 0805, reflow soldering, AVX (see smccp.pdf)")
    (tags "capacitor 0805")
    (path /5CA15347)
    (attr smd)
<<<<<<< HEAD
    (fp_text reference C10 (at 0 -1.5 90) (layer F.SilkS)
      (effects (font (size 1 1) (thickness 0.15)))
    )
    (fp_text value C_10nF (at 0 1.75 90) (layer F.Fab) hide
=======
    (fp_text reference C10 (at 0 -1.5 -180) (layer F.SilkS)
      (effects (font (size 1 1) (thickness 0.15)))
    )
    (fp_text value C_10nF (at 0 1.75 -180) (layer F.Fab) hide
>>>>>>> 1c79c3945852248547489f5de0a38be3184aafd3
      (effects (font (size 1 1) (thickness 0.15)))
    )
    (fp_line (start 1.75 0.87) (end -1.75 0.87) (layer F.CrtYd) (width 0.05))
    (fp_line (start 1.75 0.87) (end 1.75 -0.88) (layer F.CrtYd) (width 0.05))
    (fp_line (start -1.75 -0.88) (end -1.75 0.87) (layer F.CrtYd) (width 0.05))
    (fp_line (start -1.75 -0.88) (end 1.75 -0.88) (layer F.CrtYd) (width 0.05))
    (fp_line (start -0.5 0.85) (end 0.5 0.85) (layer F.SilkS) (width 0.12))
    (fp_line (start 0.5 -0.85) (end -0.5 -0.85) (layer F.SilkS) (width 0.12))
    (fp_line (start -1 -0.62) (end 1 -0.62) (layer F.Fab) (width 0.1))
    (fp_line (start 1 -0.62) (end 1 0.62) (layer F.Fab) (width 0.1))
    (fp_line (start 1 0.62) (end -1 0.62) (layer F.Fab) (width 0.1))
    (fp_line (start -1 0.62) (end -1 -0.62) (layer F.Fab) (width 0.1))
<<<<<<< HEAD
    (pad 2 smd rect (at 1 0 270) (size 1 1.25) (layers F.Cu F.Paste F.Mask)
      (net 12 "Net-(C10-Pad2)"))
    (pad 1 smd rect (at -1 0 270) (size 1 1.25) (layers F.Cu F.Paste F.Mask)
=======
    (pad 2 smd rect (at 1 0) (size 1 1.25) (layers F.Cu F.Paste F.Mask)
      (net 12 "Net-(C10-Pad2)"))
    (pad 1 smd rect (at -1 0) (size 1 1.25) (layers F.Cu F.Paste F.Mask)
>>>>>>> 1c79c3945852248547489f5de0a38be3184aafd3
      (net 11 "Net-(C10-Pad1)"))
    (model ${LOCAL_DIR}/OEM_Preferred_Parts/3DModels/C_0805_OEM/C_0805.step
      (at (xyz 0 0 0))
      (scale (xyz 1 1 1))
      (rotate (xyz 0 0 0))
    )
    (model ${LOCAL_DIR}/OEM_Preferred_Parts/3DModels/C_0805_OEM/C_0805.step
      (at (xyz 0 0 0))
      (scale (xyz 1 1 1))
      (rotate (xyz 0 0 0))
    )
  )

  (module footprints:C_0805_OEM (layer F.Cu) (tedit 5C3D8347) (tstamp 5DAAE993)
<<<<<<< HEAD
    (at 400.4752 278.83386)
=======
    (at 130.27 280.96746)
>>>>>>> 1c79c3945852248547489f5de0a38be3184aafd3
    (descr "Capacitor SMD 0805, reflow soldering, AVX (see smccp.pdf)")
    (tags "capacitor 0805")
    (path /5C4514F6)
    (attr smd)
    (fp_text reference C11 (at 0 -1.5) (layer F.SilkS)
      (effects (font (size 1 1) (thickness 0.15)))
    )
    (fp_text value C_0.1uF (at 0 1.75) (layer F.Fab) hide
      (effects (font (size 1 1) (thickness 0.15)))
    )
    (fp_line (start -1 0.62) (end -1 -0.62) (layer F.Fab) (width 0.1))
    (fp_line (start 1 0.62) (end -1 0.62) (layer F.Fab) (width 0.1))
    (fp_line (start 1 -0.62) (end 1 0.62) (layer F.Fab) (width 0.1))
    (fp_line (start -1 -0.62) (end 1 -0.62) (layer F.Fab) (width 0.1))
    (fp_line (start 0.5 -0.85) (end -0.5 -0.85) (layer F.SilkS) (width 0.12))
    (fp_line (start -0.5 0.85) (end 0.5 0.85) (layer F.SilkS) (width 0.12))
    (fp_line (start -1.75 -0.88) (end 1.75 -0.88) (layer F.CrtYd) (width 0.05))
    (fp_line (start -1.75 -0.88) (end -1.75 0.87) (layer F.CrtYd) (width 0.05))
    (fp_line (start 1.75 0.87) (end 1.75 -0.88) (layer F.CrtYd) (width 0.05))
    (fp_line (start 1.75 0.87) (end -1.75 0.87) (layer F.CrtYd) (width 0.05))
    (pad 1 smd rect (at -1 0) (size 1 1.25) (layers F.Cu F.Paste F.Mask)
      (net 13 "Net-(C11-Pad1)"))
    (pad 2 smd rect (at 1 0) (size 1 1.25) (layers F.Cu F.Paste F.Mask)
      (net 14 GND))
    (model ${LOCAL_DIR}/OEM_Preferred_Parts/3DModels/C_0805_OEM/C_0805.step
      (at (xyz 0 0 0))
      (scale (xyz 1 1 1))
      (rotate (xyz 0 0 0))
    )
    (model ${LOCAL_DIR}/OEM_Preferred_Parts/3DModels/C_0805_OEM/C_0805.step
      (at (xyz 0 0 0))
      (scale (xyz 1 1 1))
      (rotate (xyz 0 0 0))
    )
  )

  (module footprints:C_0805_OEM (layer F.Cu) (tedit 5C3D8347) (tstamp 5DAAE9A3)
<<<<<<< HEAD
    (at 400.4752 287.50288)
=======
    (at 130.27 289.63648)
>>>>>>> 1c79c3945852248547489f5de0a38be3184aafd3
    (descr "Capacitor SMD 0805, reflow soldering, AVX (see smccp.pdf)")
    (tags "capacitor 0805")
    (path /5BF4FE6E)
    (attr smd)
    (fp_text reference C12 (at 0 -1.5) (layer F.SilkS)
      (effects (font (size 1 1) (thickness 0.15)))
    )
    (fp_text value 1uF (at 0 1.75) (layer F.Fab) hide
      (effects (font (size 1 1) (thickness 0.15)))
    )
    (fp_line (start 1.75 0.87) (end -1.75 0.87) (layer F.CrtYd) (width 0.05))
    (fp_line (start 1.75 0.87) (end 1.75 -0.88) (layer F.CrtYd) (width 0.05))
    (fp_line (start -1.75 -0.88) (end -1.75 0.87) (layer F.CrtYd) (width 0.05))
    (fp_line (start -1.75 -0.88) (end 1.75 -0.88) (layer F.CrtYd) (width 0.05))
    (fp_line (start -0.5 0.85) (end 0.5 0.85) (layer F.SilkS) (width 0.12))
    (fp_line (start 0.5 -0.85) (end -0.5 -0.85) (layer F.SilkS) (width 0.12))
    (fp_line (start -1 -0.62) (end 1 -0.62) (layer F.Fab) (width 0.1))
    (fp_line (start 1 -0.62) (end 1 0.62) (layer F.Fab) (width 0.1))
    (fp_line (start 1 0.62) (end -1 0.62) (layer F.Fab) (width 0.1))
    (fp_line (start -1 0.62) (end -1 -0.62) (layer F.Fab) (width 0.1))
    (pad 2 smd rect (at 1 0) (size 1 1.25) (layers F.Cu F.Paste F.Mask)
      (net 14 GND))
    (pad 1 smd rect (at -1 0) (size 1 1.25) (layers F.Cu F.Paste F.Mask)
      (net 15 "Net-(C12-Pad1)"))
    (model ${LOCAL_DIR}/OEM_Preferred_Parts/3DModels/C_0805_OEM/C_0805.step
      (at (xyz 0 0 0))
      (scale (xyz 1 1 1))
      (rotate (xyz 0 0 0))
    )
    (model ${LOCAL_DIR}/OEM_Preferred_Parts/3DModels/C_0805_OEM/C_0805.step
      (at (xyz 0 0 0))
      (scale (xyz 1 1 1))
      (rotate (xyz 0 0 0))
    )
  )

  (module footprints:C_0805_OEM (layer F.Cu) (tedit 5C3D8347) (tstamp 5DAAE9B3)
<<<<<<< HEAD
    (at 405.78648 287.27428)
=======
    (at 135.58128 289.40788)
>>>>>>> 1c79c3945852248547489f5de0a38be3184aafd3
    (descr "Capacitor SMD 0805, reflow soldering, AVX (see smccp.pdf)")
    (tags "capacitor 0805")
    (path /5BF4FDEE)
    (attr smd)
    (fp_text reference C13 (at 0 -1.5) (layer F.SilkS)
      (effects (font (size 1 1) (thickness 0.15)))
    )
    (fp_text value 1uF (at 0 1.75) (layer F.Fab) hide
      (effects (font (size 1 1) (thickness 0.15)))
    )
    (fp_line (start -1 0.62) (end -1 -0.62) (layer F.Fab) (width 0.1))
    (fp_line (start 1 0.62) (end -1 0.62) (layer F.Fab) (width 0.1))
    (fp_line (start 1 -0.62) (end 1 0.62) (layer F.Fab) (width 0.1))
    (fp_line (start -1 -0.62) (end 1 -0.62) (layer F.Fab) (width 0.1))
    (fp_line (start 0.5 -0.85) (end -0.5 -0.85) (layer F.SilkS) (width 0.12))
    (fp_line (start -0.5 0.85) (end 0.5 0.85) (layer F.SilkS) (width 0.12))
    (fp_line (start -1.75 -0.88) (end 1.75 -0.88) (layer F.CrtYd) (width 0.05))
    (fp_line (start -1.75 -0.88) (end -1.75 0.87) (layer F.CrtYd) (width 0.05))
    (fp_line (start 1.75 0.87) (end 1.75 -0.88) (layer F.CrtYd) (width 0.05))
    (fp_line (start 1.75 0.87) (end -1.75 0.87) (layer F.CrtYd) (width 0.05))
    (pad 1 smd rect (at -1 0) (size 1 1.25) (layers F.Cu F.Paste F.Mask)
      (net 16 "Net-(C13-Pad1)"))
    (pad 2 smd rect (at 1 0) (size 1 1.25) (layers F.Cu F.Paste F.Mask)
      (net 14 GND))
